<?xml version="1.0" encoding="UTF-8"?>
<!DOCTYPE svg PUBLIC "-//W3C//DTD SVG 1.1//EN" "http://www.w3.org/Graphics/SVG/1.1/DTD/svg11.dtd">
<!-- Creator: CorelDRAW 2017 -->
<svg xmlns="http://www.w3.org/2000/svg" xml:space="preserve" width="1.70666in" height="1.70666in" version="1.1" style="shape-rendering:geometricPrecision; text-rendering:geometricPrecision; image-rendering:optimizeQuality; fill-rule:evenodd; clip-rule:evenodd"
viewBox="0 0 1707 1707"
 xmlns:xlink="http://www.w3.org/1999/xlink"
 xmlns:dc="http://purl.org/dc/elements/1.1/"
 xmlns:cc="http://creativecommons.org/ns#"
 xmlns:rdf="http://www.w3.org/1999/02/22-rdf-syntax-ns#"
 xmlns:svg="http://www.w3.org/2000/svg"
 xmlns:sodipodi="http://sodipodi.sourceforge.net/DTD/sodipodi-0.dtd"
 xmlns:inkscape="http://www.inkscape.org/namespaces/inkscape">
 <defs>
  <style type="text/css">
   <![CDATA[
    .fil0 {fill:none}
    .fil7 {fill:#FEFEFE}
    .fil6 {fill:#E6E7E8}
    .fil5 {fill:#BDBFC1}
    .fil3 {fill:#848688}
    .fil2 {fill:#CACCCE}
    .fil1 {fill:#E6E7E8}
    .fil4 {fill:#FEFEFE;fill-opacity:0.501961}
   ]]>
  </style>
 </defs>
 <g id="Layer_x0020_1">
  <metadata id="CorelCorpID_0Corel-Layer"/>
  <rect class="fil0" width="1707" height="1707"/>
  <g id="_164606123760">
   <path class="fil1" d="M331 913c41,41 108,41 149,0 41,-41 41,-108 0,-149 -41,-41 -182,-116 -223,-74 -41,41 33,182 74,223z"/>
   <path class="fil1" d="M1046 913c-41,41 -108,41 -149,0 -41,-41 -41,-108 0,-149 41,-41 182,-116 223,-74 41,41 -33,182 -74,223z"/>
   <circle class="fil1" cx="688" cy="1037" r="353"/>
   <polygon class="fil2" points="940,502 1046,502 940,593 "/>
   <polygon class="fil2" points="940,502 1046,502 940,410 "/>
   <g>
    <path class="fil2" d="M752 164c0,-19 -15,-34 -34,-34 -19,0 -34,15 -34,34 0,19 15,76 34,76 19,0 34,-57 34,-76z"/>
    <path class="fil2" d="M670 159c-13,-13 -35,-13 -48,0 -13,13 -13,35 0,48 13,13 64,43 77,30 13,-13 -16,-64 -30,-77z"/>
    <circle class="fil1" cx="688" cy="502" r="282"/>
   </g>
   <path class="fil2" d="M951 891l-131 131 -131 -131 -131 131 -131 -131 -131 131 -106 -106c-3,27 -5,52 -5,76 0,279 226,505 505,505 279,0 505,-226 505,-505 0,-23 -2,-49 -5,-76l-106 106 -131 -131z"/>
   <path class="fil3" d="M841 455c15,0 27,-12 27,-27 0,-15 -12,-27 -27,-27 -15,0 -27,12 -27,27 0,15 12,27 27,27zm371 458c-1,-9 -7,-17 -16,-20 -9,-3 -18,-1 -25,6l-90 90 -24 -24c-2,-9 -4,-18 -6,-26 4,-3 7,-6 10,-9 24,-24 54,-73 73,-119 26,-64 27,-112 1,-137 -25,-25 -68,-25 -129,-2 -36,14 -75,35 -104,56 -2,-1 -4,-3 -6,-4 38,-36 67,-83 83,-134l81 -69c5,-4 8,-11 8,-18 0,-7 -3,-13 -8,-18l-81 -69c-30,-101 -111,-180 -214,-208 5,-16 8,-33 8,-43 0,-32 -26,-57 -57,-57 -19,0 -37,10 -47,24 -8,-4 -16,-6 -25,-6 0,0 0,0 0,0 -15,0 -30,6 -41,17 -11,11 -17,25 -17,41 0,10 2,19 7,28 -124,39 -213,155 -213,291 0,87 37,166 95,222 -2,1 -4,3 -6,4 -29,-21 -68,-43 -104,-56 -61,-23 -105,-23 -129,2 -26,25 -25,73 1,137 19,46 49,95 73,119 3,3 7,6 10,9 -2,9 -4,17 -6,26l-24 24 -90 -90c-6,-6 -16,-9 -25,-6 -9,3 -15,11 -16,20 -3,28 -5,54 -5,78 0,292 237,529 529,529 292,0 529,-237 529,-529 0,-24 -2,-50 -5,-78zm-219 -426l17 14 -17 14c0,-5 0,-9 0,-14 0,-5 0,-10 0,-14zm31 228c44,-17 71,-17 79,-9 1,1 16,18 -12,86 -16,40 -40,77 -57,97 -21,-50 -53,-95 -93,-131 22,-15 51,-31 82,-43zm-315 -539c-1,-6 -2,-11 -2,-13 0,-6 5,-10 10,-10 6,0 10,5 10,10 0,6 -3,21 -8,34 -5,-1 -11,-1 -16,-1 5,-5 7,-13 5,-20zm-70 -1c3,-3 6,-3 7,-3 2,0 5,0 7,3 2,2 7,9 12,18 1,1 2,3 3,4 -6,0 -12,1 -18,2 -6,-4 -10,-7 -12,-9 -3,-3 -3,-6 -3,-7 0,-2 0,-5 3,-7zm-209 326c0,-142 116,-258 258,-258 142,0 258,116 258,258 0,142 -116,258 -258,258 -142,0 -258,-116 -258,-258zm87 253c49,33 108,53 171,53 63,0 122,-19 171,-53 53,33 96,80 124,135l-15 -15c-4,-4 -10,-7 -17,-7 -6,0 -12,2 -17,7l-115 115 -115 -115c-4,-4 -10,-7 -17,-7 -6,0 -12,2 -17,7l-115 115 -115 -115c-9,-9 -24,-9 -33,0l-16 16c27,-56 70,-103 125,-136zm-233 38c-28,-68 -12,-85 -12,-86 8,-8 35,-8 79,9 31,12 60,28 82,43 -40,37 -72,81 -93,131 -17,-20 -40,-57 -56,-97zm404 681c-266,0 -482,-216 -482,-482 0,-7 0,-15 0,-23l70 70c4,4 10,7 17,7 6,0 12,-2 17,-7l115 -115 115 115c9,9 24,9 33,0l115 -115 115 115c9,9 24,9 33,0l115 -115 115 115c9,9 24,9 33,0l70 -70c0,8 0,15 0,23 0,266 -216,482 -482,482z"/>
   <g>
   </g>
   <g>
   </g>
   <g>
   </g>
   <g>
   </g>
   <g>
   </g>
   <g>
   </g>
   <g>
   </g>
   <g>
   </g>
   <g>
   </g>
   <g>
   </g>
   <g>
   </g>
   <g>
   </g>
   <g>
   </g>
   <g>
   </g>
   <g>
   </g>
  </g>
  <path class="fil4" d="M1054 663c176,0 319,143 319,319 0,176 -143,319 -319,319 -176,0 -319,-143 -319,-319 0,-176 143,-319 319,-319z"/>
  <g id="_164606183824">
   <g>
    <path class="fil3" d="M1601 1420c14,14 22,34 22,53 0,19 -7,38 -22,53 -14,14 -34,22 -53,22 -19,0 -38,-7 -53,-22l-217 -217c-3,-3 -5,-8 -5,-13 0,-5 2,-9 5,-13l9 -9 -21 -21c-61,47 -135,71 -209,71 -88,0 -175,-33 -242,-100 -134,-134 -134,-351 0,-484 134,-134 351,-134 484,0 123,123 133,317 29,451l21 21 9 -9c7,-7 18,-7 25,0l217 217zm-25 80c15,-15 15,-39 0,-54l-204 -204 -54 54 204 204c15,15 39,15 54,0zm-211 -518c0,-82 -32,-159 -90,-217 -58,-58 -135,-90 -217,-90 -82,0 -159,32 -217,90 -58,58 -90,135 -90,217 0,82 32,159 90,217 58,58 135,90 217,90 82,0 159,-32 217,-90 58,-58 90,-135 90,-217zm-51 267l12 -12 -19 -19c-2,2 -4,4 -6,6 -2,2 -4,4 -6,6l19 19z"/>
    <path class="fil5" d="M1576 1446c15,15 15,39 0,54 -15,15 -39,15 -54,0l-204 -204 54 -54 204 204z"/>
    <path class="fil6" d="M1275 765c58,58 90,135 90,217 0,82 -32,159 -90,217 -58,58 -135,90 -217,90 -82,0 -159,-32 -217,-90 -58,-58 -90,-135 -90,-217 0,-82 32,-159 90,-217 58,-58 135,-90 217,-90 82,0 159,32 217,90zm52 217c0,-72 -28,-139 -79,-190 -51,-51 -118,-79 -190,-79 -72,0 -139,28 -190,79 -51,51 -79,118 -79,190 0,72 28,139 79,190 51,51 118,79 190,79 72,0 139,-28 190,-79 51,-51 79,-118 79,-190z"/>
    <path class="fil7" d="M1325 1238l-12 12 -19 -19c2,-2 4,-4 6,-6 2,-2 4,-4 6,-6l19 19z"/>
    <path class="fil3" d="M1248 792c51,51 79,118 79,190 0,72 -28,139 -79,190 -51,51 -118,79 -190,79 -72,0 -139,-28 -190,-79 -51,-51 -79,-118 -79,-190 0,-72 28,-139 79,-190 51,-51 118,-79 190,-79 72,0 139,28 190,79zm-25 355c91,-91 91,-239 0,-330 -44,-44 -103,-68 -165,-68 -62,0 -121,24 -165,68 -91,91 -91,239 0,330 44,44 103,68 165,68 62,0 121,-24 165,-68z"/>
   </g>
   <g>
   </g>
   <g>
   </g>
   <g>
   </g>
   <g>
   </g>
   <g>
   </g>
   <g>
   </g>
   <g>
   </g>
   <g>
   </g>
   <g>
   </g>
   <g>
   </g>
   <g>
   </g>
   <g>
   </g>
   <g>
   </g>
   <g>
   </g>
   <g>
   </g>
  </g>
  <rect class="fil7" transform="matrix(0.724614 -0.689155 0.833 0.87586 98.6355 148.821)" width="46" height="1717"/>
  <rect class="fil3" transform="matrix(0.724614 -0.689155 0.833 0.87586 92.8599 171.388)" width="46" height="1717"/>
 </g>
 <g id="Layer_x0020_1_0">
  <metadata id="CorelCorpID_1Corel-Layer"/>
 </g>
</svg>
